# multimarker definition file for ARToolKit (format defined by ARToolKit)
# dataset for test Painting application

# number of markers
4

# marker 0
0
121.0
0.0 0.0
 1.0000  0.0000 0.0000    0.0
 0.0000  1.0000 0.0000    0.0
 0.0000  0.0000 1.0000    0.0

# marker 1
1
121.0
0.0 0.0
0.99503  -0.04619  0.08824  705.91802 
0.04723  0.99884  -0.00978  9.49640 
-0.08768  0.01389  0.99605  -13.36702 

# marker 2
2
121.0
0.0 0.0
0.99916  0.00932  -0.03995  -201.93735 
-0.00991  0.99984  -0.01456  13.71959 
0.03981  0.01495  0.99910  -2.90695 

# marker 4
4
121.0
0.0 0.0
0.99495  -0.02752  0.09657  914.46484 
0.02739  0.99962  0.00264  15.40817 
-0.09660  0.00002  0.99532  -47.61559 

